# Created by Octave 3.2.4, Tue Dec 13 11:29:14 2011 CET <rist@toblerone>
# name: data
# type: matrix
# rows: 2
# columns: 100
 0.6107442046468505 0.8305366693784149 1.002606706022266 1.275840775231436 1.066281774005491 0.9949840070034867 1.127090185499016 0.617375607084693 0.6872981565013637 1.106611585874739 1.675707834748261 1.487910310525761 1.307672093395958 1.262161813886507 0.9758041174288721 0.9957718389235417 1.289717867614353 1.190006481309979 0.781776256927991 0.7305594063807699 1.386981089820851 1.388264975465079 1.040172698743251 0.4593868786519808 1.251522219189758 1.000947499878049 0.9701581534753021 0.7569064883842853 1.455757926784485 1.275037233157713 0.6062452224756648 0.8190425550960756 1.261583331653493 1.1568116513434 1.127310427729589 1.213619747795444 1.08327310833668 1.309313487722225 0.2840407719044833 0.7188301415895415 0.7405708505924192 0.9616434750501097 0.8948673405402825 1.024889598981805 1.315463693268903 0.8430814960384616 1.040487278274654 0.8925916085635959 0.8132757866019684 0.9543948424726879 -1.265216590203832 -1.179125958598022 -0.6042419552852403 -0.6571228507792091 -1.070413110687302 -1.114469093456182 -1.136444126815809 -1.363305141853344 -1.095781378666593 -0.1466704086046429 -0.7803563424612467 -0.8709109710271921 -1.602909082816799 -1.075596084479771 -0.5733962015494054 -1.090968776222722 -0.9554868099642977 -0.7493489147773104 -1.913196363535662 -0.5751673849668556 -1.145330637243164 -0.7040461859761297 -1.214501262445937 -1.488878783752661 -1.995831689042957 -0.7772092279794889 -0.7008248831801447 -0.7743319277343759 -1.591614927273461 -0.6030738715171036 -0.6324798142228081 -1.445651136650125 -0.3265158433663433 -1.20906663086747 -1.243561638975299 -0.9656816185399504 -0.9903598478919885 -0.5537263594516375 -1.162316527615841 -0.9079298337307775 -1.131590806821776 -1.289849160561285 -0.03054239765839839 -0.4301265965749349 -0.4237176725010137 -2.0047084138658 -0.2761923885568895 -0.8260454451164396 -0.7786779531035333 -0.4467661672170808
 0.6377523027090772 0.9204840796599637 0.9249980664205546 1.089560028099465 0.9956485302222979 0.9619250871397674 0.9917959335843316 1.186765240080189 0.4228933356095262 0.6694719372019367 0.6463547535267078 1.240653005222942 1.114816966095537 0.6891253762065235 0.3393739278896308 0.7635387186803255 1.010603259385688 1.117534226757086 0.7925923276294677 0.4688085664375115 0.985785139446904 0.5398519588803097 0.5602288689326635 1.010021922749281 1.799074082428754 0.7888865607956739 1.37634182212876 1.304371144621431 1.170893315840743 0.8683245996798321 1.253822577921865 1.036132650986726 1.049198278452876 0.8108053635148886 0.927919689096555 0.5644618166784834 0.690837606323202 1.122231190285668 0.4739558031364179 0.6345101701155393 0.9218003165658991 0.718872462705356 0.7255413638280311 0.9020402958821527 1.284085350624453 1.012721899610082 0.8300472734422419 1.012119156377859 1.035931476491117 1.133299157434585 -0.8139697761223776 -1.040991380931124 -1.101364026082612 -1.392152455311753 -0.8727828121745224 -0.9677166772000814 -1.062896910432423 -1.15666408696469 -1.028755956571944 -1.077117515563182 -0.8165374361218529 -1.257449882159196 -0.9128743383200244 -1.225661599375918 -0.9996853023031658 -0.7653946818422167 -0.8390568093920133 -1.215848922845558 -1.025244806164343 -0.8427238362187919 -1.04960952414944 -0.9637220850345622 -1.046484329571756 -0.9801884842284968 -0.7421630413312093 -1.087678490406029 -1.212907248640668 -0.8616294766345612 -1.165567831108149 -1.066333455469338 -1.186788246768075 -1.400454040242606 -0.6170982851970706 -1.487074628499363 -0.9898349704010316 -0.7987558246763495 -1.047607232385389 -0.4969499818933175 -1.401361220694509 -0.824778964552655 -1.015286273462991 -0.6275147493429167 -0.9112934661163902 -1.301647523836133 -0.9832307330022109 -0.8970971176136862 -1.163707879256156 -0.9586201292185589 -1.073266774365701 -1.161007179289434
