# Created by Octave 3.2.4, Sun Dec 11 20:22:35 2011 CET <rist@toblerone>
# name: data
# type: matrix
# rows: 2
# columns: 2500
 5.053469664988776 5.065006866789528 5.063202710317495 5.004659796593399 4.95501927016318 4.969352046825761 4.988749552799029 4.906791066531248 5.010360250929236 5.012377014079267 5.103277592078329 5.049198623301055 4.942900739809659 5.086602895387784 4.977267027380778 4.974329630703086 5.125410450272511 5.078651480035312 4.92140191111609 4.96736505283395 4.904306097174449 4.938633905468431 4.952054354756172 5.025161724656782 4.891580410678472 5.091472583419722 5.162530436631609 5.010417922066677 5.016509853629851 5.130463824374814 5.03194505493194 4.943876720258281 4.993718182712973 5.041407680577677 4.943909218565878 5.116436979398681 5.09895691058898 4.999515236273159 5.009635714621099 4.929355358953024 5.053964679006691 5.05679358084994 5.027610391668881 5.004352607023021 5.122139456827966 5.115946093489281 4.960002644333195 5.008374679228816 4.969830338108483 4.960280433413125 5.023423554782321 4.947654103750832 5.047843460751878 4.934165841474147 4.887718300128446 4.954373432579686 4.90062865220856 5.081959968452074 5.039335437405046 5.065175931376329 4.960721204843618 4.928714854939856 5.066631478760343 5.096022252774549 5.091738528043411 4.916911790730505 4.991526830363531 5.092588760129724 5.189413917380176 5.085515019071739 5.046214230821831 5.084932001170535 5.043284985885601 5.002343595810189 5.001397095369205 5.049344016814931 5.029223480433235 4.916728532956656 4.967637772663433 4.982158972283957 4.909995428879885 5.044510105388667 4.948135832549012 4.946880058619316 5.011252747841734 4.964574287295907 5.016912654826767 4.953009139071306 5.105967729273887 4.924460747929181 4.867271744250396 5.02015788206211 4.991918735562683 5.021038547583413 5.112626032975691 5.044206581794723 5.04636643603176 5.045499622396318 5.089123021904687 4.962402630398657 4.987041629529364 4.941183079653468 4.962748329594179 5.010995181911212 5.095786507298296 5.070923831624346 5.095562525707587 4.973459178555307 4.969943617006424 4.921744772291996 5.021978210762237 5.065779204835908 4.91051379391009 4.97499387483376 4.895200635603613 5.096751092328982 5.144639198166582 5.080658725123968 5.053425400913292 5.015752210599295 5.127090962734386 4.919210390314611 4.976577101887692 5.02804117243148 4.971787396833956 4.936127684624587 5.03094459253597 5.09100623000672 5.043178088031246 5.00789208463356 4.928429437985447 5.01257252973482 5.063791384419623 5.087143913961196 5.031743462816729 5.021606813264444 5.091857318821635 5.058788325708607 4.97668175974819 5.027359405899984 5.028932257085684 5.175333689312979 4.909276897236346 5.092472681067662 5.028942145925854 5.029051670201835 4.996815843755234 5.115854946829807 4.998730991363449 4.960437230141571 5.013074093518357 5.016456358309042 5.136263416028518 4.942493405912629 5.009143080713907 5.051537321312989 4.978962196634345 5.107574283549319 4.963938927360927 5.054387859924326 4.954786530598916 5.083427314112472 4.962731691822205 5.117571709741158 4.971270605870967 4.988773002012295 5.044495278204538 4.948751111822803 4.947778389977009 4.986118071077726 5.048168955111728 5.083563072210584 4.955889516487802 5.079968867368213 5.045731667773727 4.915854731566676 5.083344284233855 4.848389067923372 4.958572648858323 5.106433766226156 5.099522227900247 5.004738137289501 5.053953423767945 5.039416818033997 5.071894558317279 5.031625011835209 5.092041388460787 4.991938196330702 4.849930892330176 5.111812475866389 5.017787941308378 5.018924526063078 5.012513260482851 5.083749583090152 5.038450541491825 5.00727992675885 5.003830875679038 5.05894546888497 5.04324580816291 5.021301338031155 4.962133262674043 5.114980177271021 4.967752587597842 5.093614089318436 5.063622242369265 5.038564665864797 5.016844810822939 5.042092633841811 5.14554091771341 4.976787449478508 4.970276363256667 5.064468065422719 4.992929041109388 4.995791808800087 5.003520142496368 4.879664307802573 4.973236286732724 5.046742556074886 5.035171267709891 4.866359923381507 5.009690961116734 4.883569701676013 5.056858695090366 5.036977780099892 5.042610438448585 4.913900250782472 5.171797558471789 5.113107076514634 5.122006833940541 5.068521653777979 4.913789416250202 5.087933976800708 5.042445945636594 4.864666524349863 5.043542399718785 5.036335602875604 4.975855500704963 4.894610142299462 5.050047594788484 4.944936932319073 4.932102360605959 5.059058538146218 4.972560968680715 5.101444778985408 5.01743514311837 5.002153620232875 5.016971064245196 4.918949036243952 5.097035341649387 5.160931761985697 5.001650376999474 4.957993336909064 5.06584195559598 5.080359663491908 4.965876560267664 5.101064148618573 5.06372259623646 5.003014057849855 4.975166282737212 5.053410757584904 5.093619399651702 4.98310500735477 5.086223702102542 5.015202539002011 5.048637069721661 4.890177384022435 4.968848424781184 5.095502419532034 5.060153203585751 4.967800996281225 5.068348107825972 5.053450820691443 4.882747431516433 5.052474921363905 4.999530893398133 5.060331930754617 5.040175085024913 4.970059636069787 4.973111485625856 5.029333847178016 4.968732859807699 5.134175457275088 4.919107630496121 5.011237767549998 4.946814048007003 5.070900138335276 5.100227796703285 4.922298627283863 5.051882525062107 5.007720482831406 5.088350981628954 5.060698634771552 4.877698932260442 5.072106076914245 5.064376953601291 5.032907052526744 4.82984205282949 5.0504077471105 4.949450435512438 5.028170789476253 5.030116860305244 5.104156606236974 4.922744646944249 4.927292033555198 4.989957405799999 4.970047765579358 5.050053973793887 5.044496729735014 5.099806006865836 5.084954664893881 4.953754236166057 5.065052720975793 4.951152763422052 5.022570851309964 4.97579563224988 4.945578174442022 5.124915634567582 4.974661641969853 5.129797879738175 5.044341483426111 5.065358638444826 5.035630823720635 4.882880726317167 4.950246850073374 5.017390306093485 5.070059456616292 5.114017690381377 5.11126956302352 4.965156248813539 4.986089375729603 4.875109281896765 5.027202192286965 4.898149670353833 5.103700726187935 4.951250419962465 5.000865506814578 5.175538824068665 4.931421487224231 5.051294258815587 5.128390685519074 5.075971084940051 4.974579878400166 5.04152207026255 5.010631975004082 4.961774061146238 4.951250136889302 4.875488308963039 5.032996339928273 5.02978798821513 5.021213721508362 5.130349446021717 4.887763350801 5.029583143228494 5.089268193138786 5.002538499968762 5.10321760170596 4.947764469195935 5.051803366035111 5.079813666906297 5.032048106147427 5.008317983478147 5.019953989417765 4.95200410723755 4.974934609831394 5.08759020713512 5.02194814651877 5.015064766098496 4.950075718912822 5.005187980285289 5.040127941549953 4.938293740869708 5.015235803835435 5.061371712919035 5.105039199011183 5.030121333747218 5.067557680482865 5.091803661438504 4.987169989342491 5.111283557367233 5.046831356785009 5.048991126258951 4.984804668121606 5.017989102674872 5.100328542797912 5.035816077947743 5.116927116251557 5.04343371930514 5.032920641429464 5.162465547890207 5.050178762994645 5.000008604808389 5.031125327101986 5.071396826224767 5.097770292086145 5.06099873036182 5.040515352897778 5.074129037092353 4.965544955593431 4.895692825328762 4.890384238311874 5.01514034351541 5.021170303172537 5.067027913398382 4.991119541447836 5.07490727627045 5.050210162486022 5.002087317845719 5.022417947138905 4.967152011850036 5.098402037296204 4.994856984926258 4.873295486633758 4.979891502484216 5.078898842202242 4.94001399449316 5.100548464702879 5.214306470298356 4.950648330636235 5.157575509264807 5.032625021417159 5.016087925099714 5.053389797663785 5.050174808869699 5.029869499405754 5.09774368715924 5.061269601841127 4.975278822202118 4.956856619749531 5.032373564449174 4.943363313859586 5.172562362348532 5.037382687241342 5.028098852235315 5.13738143063614 5.073196337376444 5.131297613450589 4.967204972965094 5.031337837026054 4.938613192220481 