# Created by Octave 3.2.4, Thu Feb 02 15:19:06 2012 CET <rist@aero>
# name: track_5
# type: struct
# length: 3
# name: date
# type: cell
# rows: 1
# columns: 1
# name: <cell-element>
# type: matrix
# rows: 1
# columns: 1525
 63235412719.99999 63235412721 63235412722 63235412723 63235412724 63235412727 63235412728.00001 63235412728.99999 63235412730 63235412731 63235412765 63235412766 63235412767.00001 63235412767.99999 63235412769 63235412770 63235412771 63235412772 63235412773 63235412773.99999 63235412775 63235412776.00001 63235412777 63235412779 63235412780 63235412781 63235412786 63235412787 63235412788 63235412789 63235412790 63235412791.00001 63235412792 63235412793 63235412794 63235412795 63235412796 63235412797 63235412797.99999 63235412799 63235412800 63235412801 63235412802 63235412803 63235412804 63235412805 63235412806.00001 63235412806.99999 63235412808 63235412809 63235412810 63235412811 63235412812 63235412812.99999 63235412814 63235412815.00001 63235412816 63235412817 63235412818 63235412819 63235412820 63235412821.00001 63235412821.99999 63235412823 63235412824 63235412825 63235412826 63235412827 63235412828 63235412829 63235412830.00001 63235412830.99999 63235412832 63235412833 63235412834 63235412835 63235412836 63235412836.99999 63235412838 63235412839.00001 63235412840 63235412841 63235412842 63235412843 63235412844 63235412845.00001 63235412845.99999 63235412847 63235412848 63235412849 63235412850 63235412851 63235412852 63235412853 63235412854.00001 63235412855 63235412856 63235412857 63235412858 63235412859 63235412860 63235412860.99999 63235412862 63235412863 63235412864 63235412865 63235412866 63235412867 63235412868 63235412869.00001 63235412869.99999 63235412871 63235412872 63235412873 63235412874 63235412875 63235412875.99999 63235412877 63235412878.00001 63235412879 63235412880 63235412881 63235412882 63235412883 63235412884.00001 63235412884.99999 63235412886 63235412887 63235412888 63235412889 63235412890 63235412891 63235412892 63235412893.00001 63235412894 63235412895 63235412896 63235412897 63235412898 63235412899 63235412899.99999 63235412901 63235412902 63235412903 63235412904 63235412905 63235412906 63235412907 63235412908.00001 63235412908.99999 63235412910 63235412911 63235412912 63235412913 63235412914 63235412914.99999 63235412916 63235412917.00001 63235412918 63235412919 63235412920 63235412921 63235412922 63235412923.00001 63235412923.99999 63235412925 63235412926 63235412927 63235412928 63235412929 63235412930 63235412931 63235412932.00001 63235412932.99999 63235412934 63235412935 63235412936 63235412937 63235412938 63235412938.99999 63235412940 63235412941.00001 63235412942 63235412943 63235412944 63235412945 63235412946 63235412947.00001 63235412947.99999 63235412949 63235412950 63235412951 63235412952 63235412953 63235412954 63235412955 63235412956.00001 63235412957 63235412958 63235412959 63235412960 63235412961 63235412962 63235412962.99999 63235412964 63235412965 63235412966 63235412967 63235412968 63235412969 63235412970 63235412971.00001 63235412971.99999 63235412973 63235412974 63235412975 63235412976 63235412977 63235412977.99999 63235412979 63235412980.00001 63235412981 63235412982 63235412983 63235412984 63235412985 63235412986.00001 63235412986.99999 63235412988 63235412989 63235412990 63235412991 63235412992 63235412993 63235412994 63235412995.00001 63235412996 63235412997 63235412998 63235412999 63235413000 63235413001 63235413001.99999 63235413003 63235413004 63235413005 63235413006 63235413007 63235413008 63235413009 63235413010.00001 63235413010.99999 63235413012 63235413013 63235413014 63235413015 63235413016 63235413017 63235413018 63235413019.00001 63235413020 63235413021 63235413022 63235413023 63235413024 63235413025 63235413025.99999 63235413027 63235413028 63235413029 63235413030 63235413031 63235413032 63235413033 63235413034.00001 63235413034.99999 63235413036 63235413037 63235413038 63235413039 63235413040 63235413040.99999 63235413042 63235413043.00001 63235413044 63235413045 63235413046 63235413047 63235413048 63235413049.99999 63235413051 63235413052 63235413053 63235413054 63235413055 63235413056 63235413057 63235413058.00001 63235413059 63235413060 63235413061 63235413062 63235413063 63235413064 63235413064.99999 63235413066 63235413067 63235413068 63235413069 63235413070 63235413071 63235413072 63235413073.00001 63235413073.99999 63235413075 63235413076 63235413077 63235413078 63235413079 63235413079.99999 63235413081 63235413082.00001 63235413083 63235413084 63235413085 63235413086 63235413087 63235413088.00001 63235413088.99999 63235413090 63235413091 63235413092 63235413093 63235413094 63235413095 63235413096 63235413097.00001 63235413098 63235413099 63235413100 63235413101 63235413102 63235413103 63235413103.99999 63235413105 63235413106 63235413107 63235413108 63235413109 63235413110 63235413111 63235413112.00001 63235413112.99999 63235413114 63235413115 63235413116 63235413117 63235413118 63235413119 63235413120 63235413121.00001 63235413122 63235413123 63235413124 63235413125 63235413126 63235413127 63235413127.99999 63235413129 63235413130 63235413131 63235413132 63235413133 63235413134 63235413136.00001 63235413136.99999 63235413138 63235413139 63235413140 63235413141 63235413142 63235413142.99999 63235413144 63235413145.00001 63235413146 63235413147 63235413148 63235413149 63235413150 63235413151.00001 63235413151.99999 63235413153 63235413154 63235413155 63235413156 63235413157 63235413158 63235413159 63235413160.00001 63235413161 63235413162 63235413163 63235413164 63235413165 63235413166 63235413166.99999 63235413168 63235413169 63235413170 63235413171 63235413172 63235413173 63235413174 63235413175.00001 63235413175.99999 63235413177 63235413178 63235413179 63235413180 63235413181 63235413181.99999 63235413183 63235413184.00001 63235413185 63235413186 63235413187 63235413188 63235413189 63235413190.00001 63235413190.99999 63235413192 63235413193 63235413194 63235413195 63235413196 63235413197 63235413198 63235413199.00001 63235413200 63235413201 63235413202 63235413203 63235413204 63235413205 63235413205.99999 63235413207 63235413208 63235413210 63235413211 63235413212 63235413213 63235413214.00001 63235413214.99999 63235413216 63235413217 63235413218 63235413219 63235413220 63235413221 63235413222 63235413223.00001 63235413224 63235413225 63235413226 63235413227 63235413228 63235413229 63235413229.99999 63235413231 63235413232 63235413233 63235413234 63235413235 63235413236 63235413237 63235413238.00001 63235413238.99999 63235413240 63235413241 63235413242 63235413243 63235413244 63235413244.99999 63235413246 63235413247.00001 63235413248 63235413249 63235413250 63235413251 63235413252 63235413253.00001 63235413253.99999 63235413255 63235413256 63235413257 63235413258 63235413259 63235413260 63235413261 63235413262.00001 63235413263 63235413264 63235413265 63235413266 63235413267 63235413268 63235413268.99999 63235413270 63235413271 63235413272 63235413273 63235413274 63235413275 63235413276 63235413277.00001 63235413277.99999 63235413279 63235413280 63235413281 63235413282 63235413283 63235413283.99999 63235413285 63235413286.00001 63235413287 63235413288 63235413289 63235413290 63235413291 63235413292.00001 63235413292.99999 63235413294 63235413295 63235413296 63235413297 63235413298 63235413299 63235413300 63235413301.00001 63235413301.99999 63235413303 63235413304 63235413305 63235413306 63235413307 63235413307.99999 63235413309 63235413310.00001 63235413311 63235413312 63235413313 63235413314 63235413315 63235413318 63235413319 63235413320 63235413321 63235413322 63235413323 63235413324 63235413325.00001 63235413326 63235413327 63235413328 63235413329 63235413330 63235413331 63235413331.99999 63235413333 63235413334 63235413336 63235413337 63235413338 63235413339 63235413340.00001 63235413340.99999 63235413350 63235413351 63235413352 63235413353 63235413360 63235413361 63235413362 63235413363 63235413364.00001 63235413365 63235413366 63235413370 