# Created by Octave 3.2.4, Thu Feb 02 15:34:29 2012 CET <rist@aero>
# name: track_12
# type: struct
# length: 3
# name: date
# type: cell
# rows: 1
# columns: 1
# name: <cell-element>
# type: matrix
# rows: 1
# columns: 1573
 63236300005 63236300006 63236300007 63236300008.00001 63236300009 63236300010 63236300013 63236300014 63236300014.99999 63236300016 63236300017 63236300018 63236300019 63236300020 63236300021 63236300022 63236300023.00001 63236300023.99999 63236300025 63236300026 63236300027 63236300028 63236300029 63236300029.99999 63236300031 63236300032.00001 63236300033 63236300034 63236300035 63236300036 63236300037 63236300038.00001 63236300038.99999 63236300040 63236300041 63236300042 63236300043 63236300044 63236300045 63236300046 63236300047.00001 63236300048 63236300053 63236300053.99999 63236300055 63236300057 63236300058 63236300059 63236300062.00001 63236300062.99999 63236300064 63236300065 63236300066 63236300067 63236300068 63236300070 63236300071.00001 63236300072 63236300073 63236300074 63236300075 63236300076 63236300077.99999 63236300079 63236300082 63236300083 63236300084 63236300085 63236300086.00001 63236300086.99999 63236300092 63236300092.99999 63236300095.00001 63236300096 63236300097 63236300098 63236300099 63236300100 63236300101.00001 63236300101.99999 63236300103 63236300104 63236300105 63236300106 63236300107 63236300108 63236300109 63236300110.00001 63236300111 63236300112 63236300113 63236300114 63236300115 63236300116 63236300116.99999 63236300118 63236300119 63236300120 63236300121 63236300122 63236300123 63236300124 63236300125.00001 63236300125.99999 63236300127 63236300128 63236300129 63236300130 63236300131 63236300131.99999 63236300133 63236300134.00001 63236300135 63236300136 63236300137 63236300138 63236300139 63236300140.00001 63236300140.99999 63236300142 63236300143 63236300144 63236300145 63236300146 63236300147 63236300148 63236300149.00001 63236300150 63236300151 63236300152 63236300153 63236300155 63236300155.99999 63236300157 63236300158 63236300159 63236300160 63236300164.99999 63236300166 63236300167 63236300168 63236300169 63236300170 63236300172 63236300173.00001 63236300176 63236300177 63236300178 63236300179 63236300181 63236300182 63236300183 63236300184 63236300185 63236300186 63236300187 63236300188.00001 63236300188.99999 63236300190 63236300191 63236300192 63236300193 63236300194 63236300194.99999 63236300196 63236300197.00001 63236300198 63236300199 63236300200 63236300201 63236300202 63236300203.00001 63236300203.99999 63236300205 63236300206 63236300207 63236300208 63236300209 63236300210 63236300211 63236300212.00001 63236300213 63236300214 63236300215 63236300216 63236300217 63236300218 63236300218.99999 63236300220 63236300221 63236300222 63236300223 63236300224 63236300225 63236300226 63236300227.00001 63236300227.99999 63236300229 63236300230 63236300231 63236300232 63236300233 63236300233.99999 63236300235 63236300236.00001 63236300237 63236300238 63236300239 63236300240 63236300241 63236300242.00001 63236300242.99999 63236300244 63236300245 63236300246 63236300247 63236300248 63236300249 63236300250 63236300251.00001 63236300251.99999 63236300253 63236300254 63236300255 63236300256 63236300257 63236300257.99999 63236300259 63236300260.00001 63236300261 63236300262 63236300263 63236300264 63236300265 63236300266.00001 63236300266.99999 63236300268 63236300269 63236300270 63236300271 63236300272 63236300273 63236300274 63236300275.00001 63236300276 63236300279 63236300280 63236300281 63236300283 63236300284 63236300285 63236300286 63236300287 63236300288 63236300289 63236300290.00001 63236300290.99999 63236300292 63236300298 63236300299.00001 63236300305.99999 63236300307 63236300312 63236300313 63236300314.00001 63236300315 63236300316 63236300317 63236300318 63236300319 63236300320.99999 63236300322 63236300323 63236300324 63236300325 63236300326 63236300327 63236300328 63236300329.00001 63236300329.99999 63236300331 63236300337 63236300338.00001 63236300352 63236300353.00001 63236300355 63236300356 63236300364 63236300365 63236300368.00001 63236300368.99999 63236300376 63236300377.00001 63236300378 63236300382 63236300383 63236300383.99999 63236300391 63236300392.00001 63236300392.99999 63236300394 63236300395 63236300406 63236300407.00001 63236300409 63236300410 63236300411 63236300412 63236300413 63236300414 63236300415 63236300416.00001 63236300417 63236300418 63236300419 63236300420 63236300421 63236300425 63236300426 63236300427 63236300428 63236300429 63236300430 63236300437 63236300437.99999 63236300455.00001 63236300455.99999 63236300459 63236300460 63236300461 63236300461.99999 63236300463 63236300465 63236300466 63236300467 63236300468 63236300470.99999 63236300472 63236300503.00001 63236300522 63236300523 63236300524 63236300524.99999 63236300526 63236300527 63236300528 63236300529 63236300531 63236300532 63236300533.00001 63236300533.99999 63236300538 63236300539 63236300541 63236300542.00001 63236300551 63236300552 63236300560 63236300561 63236300566.00001 63236300567 63236300568 63236300569 63236300570 63236300571 63236300575 63236300576 63236300577 63236300578 63236300579 63236300580 63236300581.00001 63236300583 63236300584 63236300586 63236300587 63236300587.99999 63236300589 63236300590 63236300591 63236300592 63236300593 63236300594 63236300595 63236300596.00001 63236300596.99999 63236300598 63236300599 63236300600 63236300601 63236300602.99999 63236300604 63236300608 63236300609 63236300618 63236300619 63236300623 63236300624 63236300632 63236300633 63236300634 63236300635.00001 63236300635.99999 63236300637 63236300638 63236300643 63236300644.00001 63236300645 63236300646 63236300647 63236300648 63236300652 63236300653 63236300654 63236300655 63236300656 63236300657 63236300658 63236300659.00001 63236300659.99999 63236300661 63236300662 63236300663 63236300664 63236300665 63236300665.99999 63236300667 63236300668.00001 63236300669 63236300670 63236300672 63236300673 63236300674.00001 63236300674.99999 63236300676 63236300677 63236300678 63236300679 63236300680 63236300681 63236300682 63236300683.00001 63236300684 63236300685 63236300686 63236300687 63236300688 63236300689 63236300692 63236300693 63236300694 63236300695 63236300696 63236300697 63236300698.00001 63236300698.99999 63236300703 63236300704 63236300707.00001 63236300708 63236300709 63236300710 63236300711 63236300712 63236300713.00001 63236300713.99999 63236300715 63236300716 63236300717 63236300718 63236300719 63236300720 63236300723 63236300724 63236300725 63236300726 63236300727 63236300728 63236300730 63236300731 63236300733 63236300734 63236300735 63236300736 63236300737.00001 63236300737.99999 63236300739 63236300740 63236300741 63236300742 63236300743 63236300744 63236300745 63236300746.00001 63236300747 63236300748 63236300749 63236300752.99999 63236300754 63236300755 63236300757 63236300758 63236300759 63236300760 63236300766 63236300767 63236300767.99999 63236300769 63236300770.00001 63236300771 63236300772 63236300773 63236300774 63236300780 63236300781 63236300782 63236300793 63236300794 63236300795 63236300796 63236300800.99999 63236300802 63236300808 63236300809.00001 63236316097.00001 63236316097.99999 63236316099 63236316100 63236316101 63236316102 63236316103 63236316104 63236316105 63236316106.00001 63236316107 63236316108 63236316109 63236316110 63236316111 63236316112 63236316112.99999 63236316114 63236316115 63236316116 63236316117 63236316119 63236316120 63236316121.00001 63236316121.99999 63236316124 63236316125 63236316126 63236316127 63236316127.99999 63236316129 63236316131 63236316132 63236316134 63236316135 63236316136.00001 63236316136.99999 63236316138 63236316139 63236316140 63236316141 63236316142 63236316155 63236316156 63236316159 63236316160.00001 63236316163 63236316164 63236316165 63236316166 63236316167 63236316170 63236316171 63236316172 63236316173 63236316174 63236316175 63236316179 63236316180 63236316181 63236316182 63236316183 63236316184.00001 