# Created by Octave 3.2.4, Thu Feb 02 15:37:49 2012 CET <rist@aero>
# name: track_14
# type: struct
# length: 3
# name: date
# type: cell
# rows: 1
# columns: 1
# name: <cell-element>
# type: matrix
# rows: 1
# columns: 1584
 63236453491.00001 63236453491.99999 63236453493 63236453494 63236453495 63236453496 63236453497 63236453498 63236453499 63236453500.00001 63236453501 63236453502 63236453503 63236453504 63236453505 63236453506 63236453506.99999 63236453508 63236453509 63236453510 63236453511 63236453512 63236453513 63236453514 63236453515.00001 63236453515.99999 63236453517 63236453518 63236453519 63236453520 63236453521 63236453521.99999 63236453523 63236453524.00001 63236453525 63236453526 63236453527 63236453528 63236453529 63236453530.00001 63236453530.99999 63236453532 63236453533 63236453534 63236453535 63236453536 63236453537 63236453538 63236453539.00001 63236453540 63236453541 63236453542 63236453543 63236453544 63236453545 63236453545.99999 63236453547 63236453548 63236453549 63236453550 63236453551 63236453552 63236453553 63236453554.00001 63236453554.99999 63236453556 63236453557 63236453558 63236453559 63236453560 63236453560.99999 63236453565 63236453566 63236453568 63236453569.00001 63236453569.99999 63236453571 63236453572 63236453573 63236453591 63236453592 63236453593.00001 63236453593.99999 63236453596 63236453597 63236453604 63236453605 63236453606 63236453607 63236453608 63236453608.99999 63236453610 63236453611 63236453612 63236453613 63236453614 63236453615 63236453616 63236453617.00001 63236453617.99999 63236453619 63236453620 63236453621 63236453622 63236453623 63236453623.99999 63236453625 63236453626.00001 63236453627 63236453628 63236453629 63236453630 63236453631 63236453632.00001 63236453632.99999 63236453634 63236453635 63236453636 63236453637 63236453638 63236453639 63236453640 63236453641.00001 63236453642 63236453643 63236453644 63236453645 63236453646 63236453647 63236453647.99999 63236453649 63236453650 63236453651 63236453652 63236453653 63236453654 63236453655 63236453656.00001 63236453656.99999 63236453658 63236453659 63236453660 63236453661 63236453662 63236453662.99999 63236453664 63236453665.00001 63236453666 63236453667 63236453668 63236453669 63236453670 63236453671.00001 63236453671.99999 63236453673 63236453674 63236453675 63236453676 63236453677 63236453678 63236453679 63236453680.00001 63236453680.99999 63236453682 63236453683 63236453684 63236453685 63236453686 63236453686.99999 63236453688 63236453689.00001 63236453690 63236453691 63236453692 63236453693 63236453694 63236453695.00001 63236453695.99999 63236453697 63236453698 63236453699 63236453700 63236453701 63236453702 63236453703 63236453704.00001 63236453705 63236453706 63236453707 63236453708 63236453709 63236453710 63236453710.99999 63236453712 63236453713 63236453714 63236453715 63236453716 63236453717 63236453719.00001 63236453719.99999 63236453721 63236453722 63236453723 63236453724 63236453725 63236453725.99999 63236453727 63236453728.00001 63236453729 63236453730 63236453731 63236453732 63236453734.00001 63236453734.99999 63236453736 63236453737 63236453738 63236453745 63236453746 63236453747 63236453748 63236453749 63236453749.99999 63236453754 63236453755 63236453756 63236453757 63236453758.00001 63236453764 63236453764.99999 63236453766 63236453767.00001 63236453768 63236453769 63236453770 63236453771 63236453772 63236453773.00001 63236453773.99999 63236453784 63236453785 63236453786 63236453787 63236453788 63236453788.99999 63236453790 63236453791.00001 63236453792 63236453793 63236453794 63236453795 63236453796 63236453797.00001 63236453797.99999 63236453799 63236453800 63236453802 63236453803 63236453806.00001 63236453807 63236453808 63236453809 63236453810 63236453811 63236453812.99999 63236453814 63236453815 63236453816 63236453817 63236453818 63236453819 63236453820 63236453821.00001 63236453823 63236453824 63236453825 63236453826 63236453827 63236453827.99999 63236453834 63236453835 63236453836.00001 63236453839 63236453840 63236453841 63236453842 63236453843 63236453844 63236453845.00001 63236453846 63236453847 63236453848 63236453849 63236453850 63236453851 63236453851.99999 63236453853 63236453854 63236453855 63236453856 63236453857 63236453858 63236453859 63236453860.00001 63236453860.99999 63236453862 63236453863 63236453864 63236453865 63236453866 63236453867 63236453868 63236453869.00001 63236453870 63236453871 63236453872 63236453873 63236453874 63236453875 63236453875.99999 63236453877 63236453878 63236453879 63236453880 63236453883 63236453884.00001 63236453884.99999 63236453886 63236453887 63236453888 63236453889 63236453890 63236453890.99999 63236453892 63236453893.00001 63236453894 63236453895 63236453896 63236453897 63236453898 63236453899.00001 63236453899.99999 63236453901 63236453902 63236453903 63236453904 63236453905 63236453906 63236453907 63236453908.00001 63236453909 63236453910 63236453911 63236453912 63236453913 63236453914 63236453914.99999 63236453916 63236453917 63236453918 63236453919 63236453920 63236453921 63236453922 63236453923.00001 63236453923.99999 63236453925 63236453926 63236453927 63236453928 63236453929 63236453929.99999 63236453931 63236453932.00001 63236453933 63236453934 63236453935 63236453938.00001 63236453938.99999 63236453940 63236453941 63236453942 63236453943 63236453944 63236453945 63236453946 63236453947.00001 63236453948 63236453953 63236453953.99999 63236453955 63236453956 63236453957 63236453958 63236453959 63236453961 63236453962.00001 63236453962.99999 63236453964 63236453965 63236453966 63236453967 63236453968 63236453970 63236453971.00001 63236453972 63236453973 63236453974 63236453975 63236453976 63236453979 63236453980 63236453981 63236453982 63236453983 63236453984 63236453985 63236453986.00001 63236453986.99999 63236453988 63236453989 63236453990 63236453992 63236453992.99999 63236453994 63236453995.00001 63236453996 63236453997 63236453998 63236453999 63236454000 63236454001.99999 63236454003 63236454004 63236454005 63236454006 63236454007 63236454008 63236454009 63236454010.00001 63236454011 63236454012 63236454013 63236454014 63236454016.99999 63236454018 63236454019 63236454020 63236454021 63236454022 63236454023 63236454024 63236454025.00001 63236454025.99999 63236454027 63236454028 63236454029 63236454030 63236454031 63236454031.99999 63236454033 63236454034.00001 63236454035 63236454036 63236454037 63236454038 63236454039 63236454040.00001 63236454040.99999 63236454042 63236454043 63236454044 63236454045 63236454046 63236454047 63236454048 63236454049.00001 63236454050 63236454051 63236454052 63236454053 63236454054 63236454055 63236454055.99999 63236454057 63236454058 63236454059 63236454060 63236454061 63236454062 63236454063 63236454064.00001 63236454064.99999 63236454066 63236454067 63236454068 63236454069 63236454070 63236454071 63236454072 63236454073.00001 63236454074 63236454075 63236454076 63236454077 63236454078 63236454079 63236454079.99999 63236454081 63236454082 63236454083 63236454084 63236454085 63236454086 63236454087 63236454088.00001 63236454088.99999 63236454090 63236454091 63236454092 63236454093 63236454094 63236454094.99999 63236454096 63236454097.00001 63236454098 63236454099 63236454100 63236454101 63236454102 63236454103.00001 63236454103.99999 63236454105 63236454106 63236454107 63236454108 63236454109 63236454110 63236454111 63236454112.00001 63236454113 63236454114 63236454115 63236454116 63236454118 63236454118.99999 63236454120 63236454121 63236454122 63236454123 63236454124 63236454125 63236454126 63236454127.00001 63236454127.99999 63236454129 63236454130 63236454131 63236454132 63236454133 63236454133.99999 63236454135 63236454136.00001 63236454137 63236454138 63236454139 63236454140 63236454141 63236454142.00001 63236454142.99999 63236454144 63236454145 63236454146 63236454147 63236454148 63236454149 63236454150 63236454151.00001 63236454151.99999 63236454153 63236454154 63236454155 63236454156 63236454157 