# Created by Octave 3.2.4, Thu Feb 02 15:29:51 2012 CET <rist@aero>
# name: track_8
# type: struct
# length: 3
# name: date
# type: cell
# rows: 1
# columns: 1
# name: <cell-element>
# type: matrix
# rows: 1
# columns: 1003
 63235695069 63235695070 63235695071 63235695072 63235695073.00001 63235695073.99999 63235695075 63235695076 63235695077 63235695078 63235695079 63235695080 63235695081 63235695082.00001 63235695082.99999 63235695084 63235695085 63235695086 63235695087 63235695088 63235695088.99999 63235695090 63235695091.00001 63235695092 63235695093 63235695094 63235695095 63235695096 63235695097.00001 63235695097.99999 63235695099 63235695100 63235695101 63235695102 63235695103 63235695104 63235695105 63235695106.00001 63235695107 63235695108 63235695109 63235695110 63235695111 63235695112.99999 63235695114 63235695115 63235695116 63235695117 63235695121.00001 63235695121.99999 63235695123 63235695124 63235695125 63235695126 63235695127 63235695127.99999 63235695129 63235695130.00001 63235695131 63235695132 63235695133 63235695134 63235695135 63235695136.00001 63235695136.99999 63235695138 63235695139 63235695140 63235695141 63235695142 63235695143 63235695144 63235695145.00001 63235695146 63235695147 63235695148 63235695149 63235695150 63235695151 63235695151.99999 63235695153 63235695154 63235695155 63235695156 63235695157 63235695158 63235695159 63235695160.00001 63235695160.99999 63235695162 63235695163 63235695164 63235695165 63235695166 63235695167 63235695168 63235695169.00001 63235695170 63235695171 63235695172 63235695173 63235695174 63235695175 63235695175.99999 63235695177 63235695178 63235695179 63235695180 63235695181 63235695182 63235695183 63235695184.00001 63235695184.99999 63235695186 63235695187 63235695188 63235695189 63235695190 63235695190.99999 63235695192 63235695193.00001 63235695194 63235695195 63235695196 63235695197 63235695198 63235695199.00001 63235695199.99999 63235695201 63235695202 63235695203 63235695204 63235695205 63235695206 63235695207 63235695208.00001 63235695209 63235695210 63235695211 63235695212 63235695213 63235695214 63235695214.99999 63235695216 63235695217 63235695218 63235695219 63235695220 63235695221 63235695222 63235695223.00001 63235695223.99999 63235695225 63235695226 63235695227 63235695228 63235695229 63235695229.99999 63235695231 63235695232.00001 63235695233 63235695234 63235695235 63235695236 63235695237 63235695238.00001 63235695238.99999 63235695240 63235695241 63235695242 63235695243 63235695244 63235695245 63235695246 63235695247.00001 63235695248 63235695249 63235695250 63235695251 63235695252 63235695253 63235695253.99999 63235695255 63235695256 63235695257 63235695258 63235695259 63235695260 63235695261 63235695262.00001 63235695262.99999 63235695264 63235695265 63235695266 63235695267 63235695268 63235695269 63235695270 63235695271.00001 63235695272 63235695273 63235695274 63235695275 63235695276 63235695277 63235695277.99999 63235695279 63235695280 63235695281 63235695282 63235695283 63235695284 63235695285 63235695286.00001 63235695286.99999 63235695288 63235695289 63235695290 63235695291 63235695292 63235695292.99999 63235695294 63235695295.00001 63235695296 63235695297 63235695298 63235695299 63235695300 63235695301.00001 63235695301.99999 63235695303 63235695304 63235695305 63235695306 63235695307 63235695308 63235695309 63235695310.00001 63235695311 63235695312 63235695313 63235695314 63235695315 63235695316 63235695316.99999 63235695318 63235695319 63235695320 63235695321 63235695322 63235695323 63235695324 63235695325.00001 63235695325.99999 63235695327 63235695328 63235695329 63235695330 63235695331 63235695331.99999 63235695333 63235695334.00001 63235695335 63235695336 63235695337 63235695338 63235695339 63235695340.00001 63235695340.99999 63235695342 63235695343 63235695344 63235695345 63235695346 63235695347 63235695348 63235695349.00001 63235695350 63235695351 63235695352 63235695353 63235695354 63235695355 63235695355.99999 63235695357 63235695358 63235695359 63235695360 63235695361 63235695369 63235695370 63235695371 63235695373.00001 63235695374 63235695375 63235695376 63235695377 63235695378 63235695379 63235695379.99999 63235695381 63235695382 63235695383 63235695384 63235695385 63235695386 63235695387 63235695388.00001 63235695388.99999 63235695390 63235695391 63235695392 63235695393 63235695397.00001 63235695398 63235695399 63235695400 63235695401 63235695402 63235695403.00001 63235695403.99999 63235695405 63235695406 63235695407 63235695408 63235695414 63235695415 63235695416 63235695417 63235695418 63235695418.99999 63235695423 63235695424 63235695425 63235695426 63235695427.00001 63235695429 63235695430 63235695433.99999 63235695435 63235695436.00001 63235695437 63235695438 63235695440 63235695441 63235695442.00001 63235695442.99999 63235695445 63235695446 63235695447 63235695448 63235695449 63235695450 63235695451.00001 63235695451.99999 63235695453 63235695454 63235695455 63235695456 63235695457 63235695457.99999 63235695459 63235695460.00001 63235695461 63235695462 63235695463 63235695464 63235695465 63235695466.00001 63235695466.99999 63235695468 63235695469 63235695470 63235695471 63235695472 63235695473 63235695474 63235695475.00001 63235695476 63235695477 63235695478 63235695479 63235695480 63235695481 63235695481.99999 63235695483 63235695484 63235695485 63235695486 63235695490.00001 63235695490.99999 63235695492 63235695493 63235695494 63235695495 63235695496 63235695496.99999 63235695498 63235695499.00001 63235695500 63235695501 63235695502 63235695503 63235695504 63235695505.00001 63235695505.99999 63235695507 63235695508 63235695509 63235695510 63235695511 63235695512 63235695513 63235695520 63235695520.99999 63235695524 63235695525 63235695526 63235695527 63235695528 63235695535.99999 63235695537 63235695676 63235695683 63235695684 63235695685 63235695692 63235695693 63235695700 63235695700.99999 63235695702 63235695703.00001 63235695704 63235695705 63235695706 63235695707 63235695711 63235695712 63235695713 63235695714 63235695719 63235695720 63235695721 63235695722 63235695726 63235695727 63235695738 63235695739 63235695762 63235695763 63235695763.99999 63235695765 63235695766.00001 63235695767 63235724101 63235724102 63235724103 63235724104 63235724105 63235724106 63235724107.00001 63235724107.99999 63235724109 63235724110 63235724111 63235724112 63235724113 63235724113.99999 63235724115 63235724116.00001 63235724117 63235724118 63235724119 63235724120 63235724121 63235724122.00001 63235724122.99999 63235724124 63235724125 63235724126 63235724127 63235724129 63235724130 63235724131.00001 63235724132 63235724133 63235724134 63235724135 63235724136 63235724137 63235724137.99999 63235724139 63235724140 63235724141 63235724149 63235724150 63235724151 63235724152 63235724154 63235724155.00001 63235724158 63235724159 63235724160 63235724161.00001 63235724161.99999 63235724163 63235724164 63235724165 63235724166 63235724167 63235724168 63235724169 63235724170.00001 63235724171 63235724172 63235724173 63235724174 63235724175 63235724176 63235724176.99999 63235724178 63235724179 63235724180 63235724181 63235724182 63235724183 63235724184 63235724185.00001 63235724185.99999 63235724187 63235724188 63235724189 63235724190 63235724191 63235724192 63235724193 63235724194.00001 63235724195 63235724196 63235724197 63235724198 63235724199 63235724200 63235724200.99999 63235724202 63235724203 63235724204 63235724205 63235724206 63235724207 63235724208 63235724209.00001 63235724209.99999 63235724211 63235724212 63235724213 63235724214 63235724215 63235724215.99999 63235724217 63235724218.00001 63235724219 63235724220 63235724221 63235724222 63235724223 63235724226 63235724227 63235724228 63235724229 63235724230 63235724231 63235724232 63235724233.00001 63235724234 63235724235 63235724236 63235724237 63235724238 63235724239 63235724239.99999 63235724241 63235724242 63235724243 63235724244 63235724245 63235724246 63235724247 63235724248.00001 