# Created by Octave 3.2.4, Thu Feb 02 14:41:51 2012 CET <rist@aero>
# name: track_31
# type: struct
# length: 3
# name: date
# type: cell
# rows: 1
# columns: 1
# name: <cell-element>
# type: matrix
# rows: 1
# columns: 1760
 63233686855.99999 63233686898 63233686899 63233686900 63233686900.99999 63233686902 63233686903.00001 63233686904 63233686905 63233686906 63233686907 63233686908 63233686909.00001 63233686909.99999 63233686911 63233686912 63233686913 63233686914 63233686915 63233686916 63233686917 63233686918.00001 63233686919 63233686920 63233686921 63233686922 63233686923 63233686924 63233686924.99999 63233686926 63233686927 63233686928 63233686929 63233686930 63233686931 63233686932 63233686933.00001 63233686933.99999 63233686935 63233686936 63233686937 63233686938 63233686939 63233686939.99999 63233686941 63233686942.00001 63233686943 63233686944 63233686945 63233686946 63233686947 63233686948.00001 63233686948.99999 63233686950 63233686951 63233686952 63233686953 63233686954 63233686955 63233686956 63233686957.00001 63233686957.99999 63233686959 63233686960 63233686961 63233686962 63233686963 63233686963.99999 63233686965 63233686966.00001 63233686967 63233686968 63233686969 63233686970 63233686971 63233686972.00001 63233686972.99999 63233686974 63233686975 63233686976 63233686977 63233686978 63233686979 63233686980 63233686981.00001 63233686982 63233686983 63233686984 63233686985 63233686986 63233686987 63233686987.99999 63233686989 63233686990 63233686991 63233686992 63233686993 63233686994 63233686995 63233686996.00001 63233686996.99999 63233686998 63233686999 63233687000 63233687001 63233687002 63233687002.99999 63233687004 63233687005.00001 63233687006 63233687007 63233687008 63233687009 63233687010 63233687011.00001 63233687011.99999 63233687013 63233687014 63233687015 63233687016 63233687017 63233687018 63233687019 63233687020.00001 63233687021 63233687022 63233687023 63233687024 63233687025 63233687026 63233687026.99999 63233687028 63233687029 63233687030 63233687031 63233687032 63233687033 63233687034 63233687035.00001 63233687035.99999 63233687037 63233687038 63233687039 63233687040 63233687041 63233687042 63233687043 63233687044.00001 63233687045 63233687046 63233687047 63233687048 63233687050 63233687050.99999 63233687052 63233687053 63233687054 63233687055 63233687056 63233687057 63233687058 63233687059.00001 63233687059.99999 63233687061 63233687062 63233687064 63233687065 63233687065.99999 63233687067 63233687068.00001 63233687069 63233687070 63233687071 63233687072 63233687073 63233687074.00001 63233687074.99999 63233687076 63233687077 63233687078 63233687079 63233687080 63233687081 63233687082 63233687083.00001 63233687084 63233687085 63233687086 63233687087 63233687088 63233687089 63233687089.99999 63233687091 63233687092 63233687093 63233687094 63233687095 63233687096 63233687097 63233687098.00001 63233687098.99999 63233687100 63233687101 63233687102 63233687103 63233687104 63233687104.99999 63233687106 63233687107.00001 63233687108 63233687109 63233687110 63233687111 63233687112 63233687113.00001 63233687113.99999 63233687115 63233687116 63233687117 63233687118 63233687119 63233687120 63233687121 63233687122.00001 63233687123 63233687124 63233687125 63233687126 63233687127 63233687128 63233687128.99999 63233687130 63233687131 63233687132 63233687133 63233687134 63233687135 63233687136 63233687137.00001 63233687137.99999 63233687139 63233687140 63233687141 63233687142 63233687143 63233687144 63233687145 63233687146.00001 63233687147 63233687148 63233687149 63233687150 63233687151 63233687152 63233687152.99999 63233687154 63233687155 63233687156 63233687157 63233687158 63233687159 63233687160 63233687161.00001 63233687161.99999 63233687163 63233687164 63233687165 63233687166 63233687167 63233687167.99999 63233687169 63233687170.00001 63233687171 63233687172 63233687173 63233687174 63233687175 63233687176.00001 63233687176.99999 63233687178 63233687179 63233687180 63233687181 63233687182 63233687183 63233687184 63233687185.00001 63233687186 63233687187 63233687188 63233687189 63233687190 63233687191 63233687191.99999 63233687193 63233687194 63233687195 63233687196 63233687197 63233687198 63233687199 63233687200.00001 63233687200.99999 63233687202 63233687203 63233687204 63233687205 63233687206 63233687206.99999 63233687208 63233687209.00001 63233687210 63233687211 63233687212 63233687213 63233687214 63233687215.00001 63233687215.99999 63233687217 63233687218 63233687219 63233687220 63233687221 63233687222 63233687223 63233687224.00001 63233687225 63233687226 63233687227 63233687228 63233687229 63233687230 63233687230.99999 63233687232 63233687233 63233687234 63233687235 63233687236 63233687237 63233687238 63233687239.00001 63233687239.99999 63233687241 63233687242 63233687243 63233687244 63233687245 63233687246 63233687247 63233687248.00001 63233687249 63233687250 63233687251 63233687252 63233687253 63233687254 63233687254.99999 63233687256 63233687257 63233687258 63233687259 63233687260 63233687261 63233687262 63233687263.00001 63233687263.99999 63233687265 63233687266 63233687267 63233687268 63233687269 63233687269.99999 63233687271 63233687272.00001 63233687273 63233687274 63233687275 63233687276 63233687277 63233687278.00001 63233687278.99999 63233687280 63233687281 63233687282 63233687283 63233687284 63233687285 63233687286 63233687287.00001 63233687288 63233687289 63233687290 63233687291 63233687292 63233687293 63233687293.99999 63233687295 63233687296 63233687297 63233687298 63233687299 63233687300 63233687301 63233687302.00001 63233687302.99999 63233687304 63233687305 63233687306 63233687307 63233687308 63233687308.99999 63233687310 63233687311.00001 63233687312 63233687313 63233687314 63233687315 63233687316 63233687317.00001 63233687317.99999 63233687319 63233687320 63233687321 63233687322 63233687323 63233687324 63233687328 63233687329 63233687330 63233687331 63233687332 63233687332.99999 63233687334 63233687335.00001 63233687336 63233687337 63233687338 63233687339 63233687340 63233687341.00001 63233687341.99999 63233687343 63233687344 63233687345 63233687346 63233687347 63233687348 63233687349 63233687350.00001 63233687351 63233687352 63233687353 63233687354 63233687355 63233687356 63233687356.99999 63233687358 63233687359 63233687360 63233687361 63233687362 63233687363 63233687364 63233687365.00001 63233687365.99999 63233687367 63233687368 63233687369 63233687370 63233687371 63233687371.99999 63233687373 63233687374.00001 63233687375 63233687376 63233687377 63233687378 63233687379 63233687380.00001 63233687380.99999 63233687382 63233687383 63233687384 63233687385 63233687386 63233687387 63233687388 63233687389.00001 63233687390 63233687391 63233687392 63233687393 63233687394 63233687395.99999 63233687397 63233687398 63233687399 63233687400 63233687401 63233687402 63233687403 63233687404.00001 63233687404.99999 63233687406 63233687407 63233687408 63233687409 63233687410 63233687410.99999 63233687412 63233687413.00001 63233687414 63233687416 63233687417 63233687418 63233687419.00001 63233687419.99999 63233687421 63233687423 63233687424 63233687425 63233687426 63233687427 63233687428.00001 63233687428.99999 63233687430 63233687431 63233687432 63233687433 63233687434 63233687434.99999 63233687436 63233687437.00001 63233687438 63233687439 63233687440 63233687441 63233687442 63233687443.00001 63233687443.99999 63233687445 63233687446 63233687447 63233687448 63233687449 63233687450 63233687451 63233687452.00001 63233687453 63233687454 63233687455 63233687456 63233687457 63233687458 63233687458.99999 63233687460 63233687461 63233687462 63233687463 63233687464 63233687465 63233687466 63233687467.00001 63233687467.99999 63233687469 63233687470 63233687471 63233687472 63233687473 63233687473.99999 63233687475 63233687476.00001 63233687477 63233687478 63233687479 63233687480 63233687481 63233687482.00001 63233687482.99999 63233687484 63233687485 63233687486 63233687487 63233687488 63233687489 63233687490 