# Created by Octave 3.2.4, Thu Feb 02 14:51:20 2012 CET <rist@aero>
# name: track_37
# type: struct
# length: 3
# name: date
# type: cell
# rows: 1
# columns: 1
# name: <cell-element>
# type: matrix
# rows: 1
# columns: 1735
 63234296339 63234296340 63234296349 63234296350 63234296351 63234296352 63234296353 63234296354 63234296355 63234296356.00001 63234296356.99999 63234296358 63234296359 63234296368 63234296369 63234296375 63234296376 63234296401 63234296402 63234296403 63234296404.00001 63234296405 63234296406 63234296407 63234296408 63234296409 63234296410 63234296410.99999 63234296412 63234296413 63234296414 63234296415 63234296416 63234296417 63234296418 63234296419.00001 63234296419.99999 63234296421 63234296422 63234296423 63234296424 63234296425 63234296425.99999 63234296427 63234296428.00001 63234296429 63234296430 63234296431 63234296432 63234296433 63234296434.00001 63234296434.99999 63234296436 63234296437 63234296438 63234296439 63234296440 63234296441 63234296442 63234296443.00001 63234296444 63234296445 63234296446 63234296447 63234296448 63234296449 63234296449.99999 63234296451 63234296452 63234296453 63234296454 63234296455 63234296456 63234296457 63234296458.00001 63234296458.99999 63234296460 63234296461 63234296462 63234296463 63234296464 63234296464.99999 63234296466 63234296467.00001 63234296468 63234296469 63234296470 63234296471 63234296472 63234296473.00001 63234296473.99999 63234296475 63234296476 63234296477 63234296478 63234296479 63234296480 63234296481 63234296482.00001 63234296482.99999 63234296484 63234296485 63234296486 63234296487 63234296488 63234296488.99999 63234296490 63234296491.00001 63234296492 63234296493 63234296494 63234296495 63234296496 63234296497.00001 63234296497.99999 63234296499 63234296500 63234296501 63234296502 63234296503 63234296504 63234296505 63234296506.00001 63234296507 63234296508 63234296509 63234296510 63234296511 63234296512 63234296512.99999 63234296514 63234296515 63234296516 63234296517 63234296518 63234296519 63234296520 63234296521.00001 63234296521.99999 63234296523 63234296524 63234296525 63234296526 63234296527 63234296527.99999 63234296529 63234296530.00001 63234296531 63234296532 63234296533 63234296534 63234296535 63234296536.00001 63234296536.99999 63234296538 63234296539 63234296540 63234296541 63234296542 63234296543 63234296544 63234296545.00001 63234296546 63234296547 63234296548 63234296549 63234296550 63234296551 63234296551.99999 63234296553 63234296554 63234296555 63234296556 63234296557 63234296558 63234296559 63234296560.00001 63234296560.99999 63234296562 63234296563 63234296564 63234296565 63234296566 63234296567 63234296568 63234296569.00001 63234296570 63234296571 63234296572 63234296573 63234296574 63234296575 63234296575.99999 63234296577 63234296578 63234296579 63234296580 63234296581 63234296582 63234296583 63234296584.00001 63234296584.99999 63234296586 63234296587 63234296588 63234296589 63234296590 63234296590.99999 63234296592 63234296593.00001 63234296594 63234296595 63234296596 63234296597 63234296598 63234296599.00001 63234296599.99999 63234296601 63234296602 63234296603 63234296604 63234296605 63234296606 63234296607 63234296608.00001 63234296609 63234296610 63234296611 63234296612 63234296613 63234296614 63234296614.99999 63234296616 63234296617 63234296618 63234296619 63234296620 63234296621 63234296622 63234296623.00001 63234296623.99999 63234296625 63234296626 63234296627 63234296628 63234296629 63234296629.99999 63234296631 63234296632.00001 63234296633 63234296634 63234296635 63234296636 63234296637 63234296638.00001 63234296638.99999 63234296640 63234296641 63234296642 63234296643 63234296644 63234296645 63234296646 63234296647.00001 63234296648 63234296649 63234296650 63234296651 63234296653.99999 63234296655 63234296656 63234296657 63234296658 63234296659 63234296660 63234296661 63234296662.00001 63234296662.99999 63234296664 63234296665 63234296666 63234296667 63234296668 63234296669 63234296670 63234296671.00001 63234296672 63234296673 63234296674 63234296675 63234296676 63234296677 63234296677.99999 63234296679 63234296680 63234296681 63234296682 63234296683 63234296684 63234296685 63234296686.00001 63234296686.99999 63234296688 63234296689 63234296690 63234296691 63234296692 63234296692.99999 63234296694 63234296695.00001 63234296696 63234296697 63234296698 63234296699 63234296700 63234296701.00001 63234296701.99999 63234296703 63234296704 63234296705 63234296706 63234296707 63234296708 63234296709 63234296710.00001 63234296711 63234296712 63234296713 63234296714 63234296715 63234296716 63234296716.99999 63234296718 63234296719 63234296720 63234296721 63234296722 63234296723 63234296724 63234296725.00001 63234296725.99999 63234296727 63234296728 63234296729 63234296730 63234296731 63234296731.99999 63234296733 63234296734.00001 63234296735 63234296736 63234296737 63234296738 63234296739 63234296740.00001 63234296740.99999 63234296742 63234296743 63234296744 63234296745 63234296746 63234296747 63234296748 63234296749.00001 63234296750 63234296751 63234296752 63234296753 63234296754 63234296755 63234296755.99999 63234296757 63234296758 63234296759 63234296760 63234296761 63234296762 63234296763 63234296764.00001 63234296764.99999 63234296766 63234296767 63234296769 63234296770 63234296771 63234296772 63234296773.00001 63234296774 63234296775 63234296776 63234296777 63234296778 63234296779 63234296779.99999 63234296781 63234296782 63234296783 63234296784 63234296785 63234296786 63234296787 63234296788.00001 63234296788.99999 63234296790 63234296791 63234296792 63234296793 63234296794 63234296794.99999 63234296796 63234296797.00001 63234296798 63234296799 63234296800 63234296801 63234296802 63234296803.00001 63234296803.99999 63234296805 63234296806 63234296807 63234296808 63234296809 63234296810 63234296811 63234296812.00001 63234296813 63234296814 63234296815 63234296816 63234296817 63234296818 63234296818.99999 63234296820 63234296821 63234296822 63234296823 63234296824 63234296825 63234296826 63234296827.00001 63234296827.99999 63234296829 63234296830 63234296831 63234296832 63234296833 63234296833.99999 63234296835 63234296836.00001 63234296837 63234296838 63234296839 63234296840 63234296845 63234296846 63234296847 63234296848 63234296849 63234296850 63234296851.00001 63234296851.99999 63234296853 63234296854 63234296855 63234296856 63234296857 63234296857.99999 63234296859 63234296860.00001 63234296861 63234296862 63234296865 63234296866.00001 63234296876 63234296877 63234296880 63234296881 63234296894 63234296895 63234296896 63234296896.99999 63234296898 63234296899.00001 63234296915 63234296916 63234296918 63234296919 63234296920 63234296920.99999 63234296922 63234296923 63234296924 63234296925 63234296927 63234296928 63234296929.00001 63234296929.99999 63234296931 63234296932 63234296933 63234296934 63234296935 63234296935.99999 63234296938.00001 63234296939 63234296940 63234296941 63234296942 63234296943 63234296944.00001 63234296944.99999 63234296946 63234296947 63234296948 63234296949 63234296950 63234296951 63234296952 63234296953.00001 63234296953.99999 63234296955 63234296956 63234296957 63234296958 63234296959 63234296959.99999 63234296961 63234296962.00001 63234296963 63234296964 63234296965 63234296966 63234296967 63234296968.00001 63234296968.99999 63234296971 63234296972 63234296974 63234296975 63234296976 63234296977.00001 63234296979 63234296980 63234296981 63234296982 63234296983 63234296983.99999 63234296985 63234296986 63234296987 63234296988 63234296989 63234296990 63234296991 63234296995 63234296996 63234296997 63234296998 63234297004 63234297005 63234297126 63234297133.00001 63234297133.99999 63234297135 63234297136 63234326227 63234326229 63234326230.00001 63234326231 63234326232 63234326233 63234326236.99999 63234326238 63234326239 63234326240 63234326241 63234326242 63234326243 63234326245.00001 63234326246 63234326247 63234326248 63234326249 63234326250 63234326251 63234326251.99999 63234326253 