# Created by Octave 3.2.4, Thu Feb 02 14:50:51 2012 CET <rist@aero>
# name: track_36
# type: struct
# length: 3
# name: date
# type: cell
# rows: 1
# columns: 1
# name: <cell-element>
# type: matrix
# rows: 1
# columns: 1749
 63234197941.00001 63234197942 63234197943 63234197947.00001 63234197947.99999 63234197949 63234197952 63234197953 63234197954 63234197955 63234197956.00001 63234197957 63234197958 63234197959 63234197960 63234197961 63234197962 63234197964 63234197965 63234197966 63234197967 63234197968 63234197969 63234197970 63234197971.00001 63234197971.99999 63234197973 63234197974 63234197975 63234197976 63234197977 63234197977.99999 63234197979 63234197980.00001 63234197981 63234197982 63234197983 63234197984 63234197985 63234197986.00001 63234197986.99999 63234197988 63234197989 63234197990 63234197991 63234197992 63234197993 63234197994 63234197995.00001 63234197996 63234197997 63234197998 63234197999 63234198000 63234198001 63234198001.99999 63234198003 63234198004 63234198005 63234198006 63234198007 63234198008 63234198009 63234198010.00001 63234198010.99999 63234198012 63234198013 63234198014 63234198015 63234198016 63234198017 63234198018 63234198019.00001 63234198020 63234198021 63234198022 63234198023 63234198024 63234198025 63234198025.99999 63234198027 63234198028 63234198029 63234198030 63234198031 63234198032 63234198033 63234198034.00001 63234198034.99999 63234198036 63234198037 63234198038 63234198039 63234198040 63234198042 63234198043.00001 63234198044 63234198045 63234198046 63234198047 63234198048 63234198049.00001 63234198055 63234198056 63234198057 63234198058.00001 63234198059 63234198060 63234198061 63234198062 63234198064.99999 63234198066 63234204307 63234204310 63234204311 63234204312 63234204313.00001 63234204313.99999 63234204315 63234204316 63234204317 63234204318 63234204319 63234204337.00001 63234204338 63234204339 63234204340 63234204341 63234204342 63234204343 63234204343.99999 63234204345 63234204346 63234204347 63234204348 63234204349 63234204350 63234204351 63234204352.00001 63234204352.99999 63234204354 63234204355 63234204356 63234204357 63234204358 63234204358.99999 63234204360 63234204361.00001 63234204362 63234204363 63234204364 63234204365 63234204366 63234204367.00001 63234204367.99999 63234204369 63234204370 63234204371 63234204372 63234204374 63234204375 63234204376.00001 63234204376.99999 63234204378 63234204379 63234204380 63234204381 63234204382 63234204382.99999 63234204384 63234204385.00001 63234204386 63234204387 63234204388 63234204389 63234204390 63234204393 63234204394 63234204395 63234204396 63234204397 63234204399 63234204400.00001 63234204403 63234204404 63234204406.99999 63234204408 63234204409 63234204410 63234204411 63234204412 63234204413 63234204414 63234204415.00001 63234204415.99999 63234204417 63234204418 63234204419 63234204420 63234204421 63234204421.99999 63234204423 63234204424.00001 63234204425 63234204426 63234204430.00001 63234204430.99999 63234204432 63234204433 63234204434 63234204437 63234204438 63234204439.00001 63234204440 63234204441 63234204442 63234204443 63234204444 63234204445 63234204445.99999 63234204447 63234204448 63234204449 63234204450 63234204451 63234204452 63234204453 63234204454.00001 63234204454.99999 63234204456 63234204457 63234204458 63234204459 63234204460 63234204460.99999 63234204462 63234204463.00001 63234204464 63234204465 63234204466 63234204467 63234204468 63234204469.00001 63234204469.99999 63234204471 63234204472 63234204474 63234204475 63234204476 63234204477 63234204478.00001 63234204478.99999 63234204480 63234204481 63234204482 63234204483 63234204484 63234204484.99999 63234204486 63234204487.00001 63234204488 63234204489 63234204491 63234204492 63234204493.00001 63234204493.99999 63234204495 63234204496 63234204497 63234204498 63234204499 63234204500 63234204501 63234204502.00001 63234204503 63234204504 63234204505 63234204506 63234204507 63234204508 63234204508.99999 63234204510 63234204511 63234204512 63234204513 63234204514 63234204515 63234204516 63234204517.00001 63234204517.99999 63234204519 63234204520 63234204521 63234204522 63234204523 63234204523.99999 63234204525 63234204526.00001 63234204527 63234204528 63234204529 63234204530 63234204538 63234204539 63234204541.00001 63234204542 63234204543 63234204544 63234204545 63234204546 63234204547 63234204547.99999 63234204549 63234204550 63234204551 63234204552 63234204553 63234204554 63234204555 63234204556.00001 63234204556.99999 63234204558 63234204559 63234204560 63234204561 63234204562 63234204562.99999 63234204564 63234204565.00001 63234204566 63234204571.00001 63234204571.99999 63234204573 63234204574 63234204575 63234204576 63234204577 63234204578 63234204579 63234204583 63234204584 63234204585 63234204586 63234204586.99999 63234204589.00001 63234204590 63234204591 63234204592 63234204593 63234204594 63234204595.00001 63234204595.99999 63234204597 63234204602 63234204603 63234204604.00001 63234204605 63234204606 63234204607 63234204608 63234204609 63234204610 63234204610.99999 63234204612 63234204613 63234204614 63234204615 63234204616 63234204617 63234204618 63234204619.00001 63234204619.99999 63234204621 63234204622 63234204623 63234204624 63234204625 63234204625.99999 63234204627 63234204628.00001 63234204629 63234204630 63234204631 63234204632 63234204633 63234204634.00001 63234204634.99999 63234204636 63234204637 63234204638 63234204639 63234204640 63234204641 63234204642 63234204643.00001 63234204644 63234204645 63234204646 63234204647 63234204648 63234204649 63234204649.99999 63234204651 63234204652 63234204653 63234204654 63234204655 63234204656 63234204657 63234204658.00001 63234204658.99999 63234204660 63234204661 63234204662 63234204663 63234204664 63234204664.99999 63234204666 63234204667.00001 63234204668 63234204669 63234204670 63234204671 63234204672 63234204673.00001 63234204673.99999 63234204675 63234204676 63234204677 63234204678 63234204679 63234204680 63234204681 63234204682.00001 63234204682.99999 63234204684 63234204685 63234204686 63234204687 63234204688 63234204688.99999 63234204690 63234204691.00001 63234204692 63234204693 63234204694 63234204695 63234204696 63234204697.00001 63234204697.99999 63234204699 63234204700 63234204701 63234204702 63234204703 63234204704 63234204705 63234204706.00001 63234204708 63234204709 63234204710 63234204711 63234204712 63234204712.99999 63234204714 63234204715 63234204716 63234204717 63234204718 63234204719 63234204720 63234204721.00001 63234204721.99999 63234204723 63234204724 63234204725 63234204726 63234204727 63234204727.99999 63234204729 63234204730.00001 63234204731 63234204732 63234204733 63234204734 63234204735 63234204736.00001 63234204739 63234204740 63234204741 63234204742 63234204743 63234204744 63234204745.00001 63234204746 63234204747 63234204748 63234204749 63234204750 63234204751 63234204751.99999 63234204753 63234204754 63234204755 63234204756 63234204757 63234204758 63234204759 63234204760.00001 63234204760.99999 63234204762 63234204763 63234204764 63234204765 63234204766 63234204767 63234204768 63234204769.00001 63234204770 63234204771 63234204775 63234204775.99999 63234204777 63234204778 63234204779 63234204780 63234204781 63234204782 63234204783 63234204784.00001 63234204784.99999 63234204786 63234204787 63234204788 63234204789 63234204790 63234204790.99999 63234204793.00001 63234204794 63234204795 63234204796 63234204797 63234204798 63234204799.00001 63234204799.99999 63234204801 63234204802 63234204803 63234204804 63234204806 63234204807 63234204808.00001 63234204809 63234204810 63234204811 63234204812 63234204813 63234204814 63234204814.99999 63234204816 63234204817 63234204818 63234204819 63234204820 63234204821 63234204822 63234204823.00001 63234204823.99999 63234204825 63234204826 63234204827 63234204828 63234204829 63234204829.99999 63234204831 63234204832.00001 63234204833 63234204834 63234204835 63234204836 63234204837 63234204838.00001 63234204838.99999 63234204840 63234204841 