# Created by Octave 3.2.4, Thu Feb 02 15:40:08 2012 CET <rist@aero>
# name: track_17
# type: struct
# length: 3
# name: date
# type: cell
# rows: 1
# columns: 1
# name: <cell-element>
# type: matrix
# rows: 1
# columns: 1606
 63236713365 63236713366.00001 63236713366.99999 63236713368 63236713369 63236713370 63236713371 63236713372 63236713373 63236713374 63236713375.00001 63236713376 63236713377 63236713378 63236713379 63236713380 63236713381 63236713381.99999 63236713383 63236713384 63236713385 63236713386 63236713387 63236713388 63236713389 63236713390.00001 63236713390.99999 63236713392 63236713393 63236713394 63236713395 63236713396 63236713396.99999 63236713398 63236713399.00001 63236713400 63236713401 63236713402 63236713403 63236713404 63236713405.00001 63236713405.99999 63236713407 63236713408 63236713409 63236713410 63236713411 63236713412 63236713413 63236713414.00001 63236713415 63236713416 63236713417 63236713418 63236713419 63236713420 63236713420.99999 63236713422 63236713423 63236713424 63236713425 63236713426 63236713427 63236713428 63236713429.00001 63236713429.99999 63236713431 63236713432 63236713433 63236713434 63236713435 63236713435.99999 63236713437 63236713438.00001 63236713439 63236713440 63236713441 63236713442 63236713443 63236713444.00001 63236713444.99999 63236713446 63236713447 63236713448 63236713449 63236713450 63236713451 63236713452 63236713453.00001 63236713453.99999 63236713455 63236713456 63236713457 63236713458 63236713459 63236713459.99999 63236713461 63236713462.00001 63236713463 63236713464 63236713465 63236713468.00001 63236713468.99999 63236713470 63236713471 63236713472 63236713473 63236713474 63236713476 63236713477.00001 63236713479 63236713480 63236713481 63236713482 63236713483 63236713483.99999 63236713485 63236713486 63236713487 63236713488 63236713489 63236713490 63236713491 63236713492.00001 63236713492.99999 63236713494 63236713495 63236713496 63236713497 63236713498 63236713498.99999 63236713500 63236713504 63236713505 63236713506 63236713507.00001 63236713509 63236713510 63236713511 63236713512 63236713513 63236713514 63236713515 63236713516.00001 63236713517 63236713518 63236713519 63236713520 63236713521 63236713522 63236713522.99999 63236713524 63236713525 63236713526 63236713527 63236713528 63236713529 63236713530 63236713531.00001 63236713531.99999 63236713533 63236713534 63236713535 63236713536 63236713537 63236713537.99999 63236713539 63236713540.00001 63236713541 63236713542 63236713543 63236713544 63236713545 63236713546.00001 63236713546.99999 63236713548 63236713549 63236713550 63236713551 63236713552 63236713553 63236713554 63236713555.00001 63236713555.99999 63236713557 63236713558 63236713559 63236713560 63236713561 63236713561.99999 63236713563 63236713564.00001 63236713565 63236713566 63236713567 63236713568 63236713569 63236713570.00001 63236713570.99999 63236713572 63236713573 63236713574 63236713576 63236713577 63236713578 63236713579.00001 63236713580 63236713581 63236713583 63236713584 63236713585 63236713585.99999 63236713587 63236713588 63236713589 63236713590 63236713591 63236713592 63236713593 63236713594.00001 63236713594.99999 63236713596 63236713597 63236713598 63236713599 63236713600 63236713600.99999 63236713602 63236713603.00001 63236713604 63236713605 63236713606 63236713607 63236713608 63236713609.00001 63236713609.99999 63236713611 63236713612 63236713613 63236713614 63236713615 63236713616 63236713617 63236713618.00001 63236713619 63236713620 63236713621 63236713622 63236713623 63236713624 63236713624.99999 63236713626 63236713627 63236713628 63236713629 63236713630 63236713631 63236713632 63236713633.00001 63236713633.99999 63236713635 63236713636 63236713639 63236713639.99999 63236713641 63236713642.00001 63236713643 63236713644 63236713645 63236713647 63236713648.00001 63236713648.99999 63236713650 63236713651 63236713652 63236713653 63236713654 63236713655 63236713656 63236713660 63236713661 63236713662 63236713663 63236713666.00001 63236713667 63236713668 63236713670 63236713671 63236713672.00001 63236713672.99999 63236713674 63236713675 63236713676 63236713677 63236713678 63236713679 63236713680 63236713681.00001 63236713682 63236713683 63236713684 63236713685 63236713687 63236713687.99999 63236713690 63236713691 63236713692 63236713693 63236713694 63236713695 63236713696.00001 63236713696.99999 63236713698 63236713699 63236713700 63236713701 63236713702 63236713702.99999 63236713704 63236713705.00001 63236713706 63236713707 63236713708 63236713709 63236713710 63236713711.00001 63236713711.99999 63236713713 63236713714 63236713715 63236713716 63236713718 63236713719 63236713720.00001 63236713721 63236713722 63236713723 63236713725 63236713726 63236713726.99999 63236713728 63236713729 63236713730 63236713731 63236713732 63236713733 63236713734 63236713735.00001 63236713735.99999 63236713737 63236713741 63236713742 63236713743 63236713744.00001 63236713745 63236713746 63236713747 63236713748 63236713749 63236713750 63236713750.99999 63236713752 63236713753 63236713754 63236713755 63236713756 63236713757 63236713758 63236713759.00001 63236713759.99999 63236713761 63236713762 63236713763 63236713764 63236713765 63236713765.99999 63236713767 63236713768.00001 63236713769 63236713770 63236713771 63236713772 63236713773 63236713774.00001 63236713774.99999 63236713776 63236713777 63236713778 63236713779 63236713780 63236713781 63236713783.00001 63236713784 63236713787 63236713788 63236713789 63236713789.99999 63236713791 63236713792 63236713793 63236713794 63236713795 63236713796 63236713797 63236713798.00001 63236713798.99999 63236713800 63236713801 63236713802 63236713803 63236713804 63236713804.99999 63236713806 63236713807.00001 63236713808 63236713809 63236713810 63236713811 63236713812 63236713813.00001 63236713813.99999 63236713815 63236713816 63236713817 63236713818 63236713819 63236713820 63236713821 63236713822.00001 63236713823 63236713824 63236713825 63236713826 63236713828.99999 63236713830 63236713831 63236713834 63236713835 63236713836 63236713839 63236713840 63236713841 63236713843 63236713844 63236713845 63236713846.00001 63236713848 63236713849 63236713850 63236713851 63236713852 63236713854 63236713855 63236713856 63236713857 63236713858 63236713859 63236713860 63236713861.00001 63236713861.99999 63236713863 63236713864 63236713865 63236713866 63236713867 63236713867.99999 63236713869 63236713870.00001 63236713871 63236713872 63236713873 63236713874 63236713875 63236713876.00001 63236713876.99999 63236713878 63236713879 63236713880 63236713881 63236713882 63236713883 63236713884 63236713885.00001 63236713886 63236713887 63236713888 63236713890 63236713891 63236713891.99999 63236713893 63236713894 63236713895 63236713896 63236713897 63236713898 63236713899 63236713900.00001 63236713900.99999 63236713902 63236713903 63236713904 63236713905 63236713906 63236713906.99999 63236713908 63236713909.00001 63236713910 63236713911 63236713914 63236713915.00001 63236713917 63236713918 63236713919 63236713920 63236713921 63236713926 63236713927 63236713928 63236713929 63236713930.99999 63236713932 63236713933 63236713934 63236713936 63236713937 63236713938 63236713939.00001 63236713939.99999 63236713941 63236713942 63236713943 63236713944 63236713945 63236713946 63236713947 63236713948.00001 63236713949 63236713950 63236713951 63236713952 63236713954 63236713954.99999 63236713956 63236713957 63236713958 63236713959 63236713960 63236713961 63236713962 63236713963.00001 63236713963.99999 63236713965 63236713966 63236713967 63236713968 63236713969 63236713969.99999 63236713971 63236713972.00001 63236713973 63236713974 63236713975 63236713976 63236713977 63236713978.00001 63236713978.99999 63236713980 63236713981 63236713982 63236713983 63236713984 63236713985 63236713986 63236713987.00001 63236713988 63236713989 63236713990 63236713991 63236713992 63236713993 63236713993.99999 63236713995 63236713996 63236713997 63236713998 63236713999 63236714000 